5673948314242.193 164729657.2477701
6937.117471218109 0.20140278339385986
6806.048416137695 0.19759750366210938
7067.943243145943 0.20520099997520447
7067.815955758095 0.2051973044872284
6806.102821230888 0.19759908318519592
5366.39623773098 0.15580061078071594
4188.445902228355 0.12160161137580872
4188.331959486008 0.12159830331802368
6675.260625123978 0.19380038976669312
6937.022005677223 0.2014000117778778
4319.283992290497 0.12540018558502197
4057.5133731365204 0.11780029535293579
5366.39623773098 0.15580061078071594
6805.982719421387 0.19759559631347656
6937.101047039032 0.20140230655670166
6937.21088373661 0.20140549540519714
7067.747179508209 0.20519530773162842
6806.203419327736 0.19760200381278992
6806.189048171043 0.1976015865802765